99 198 99 0 127 255 245 236 220 205 102 0 125 251 160 70 132 194 97 0 116 232 186 141 115 90 94 99 129 159 156 154 
107 215 148 80 160 240 204 169 136 103 89 75 155 235 172 110 117 125 73 21 112 204 200 196 164 132 112 91 91 91 107 123 
116 233 197 161 193 225 164 103 52 1 76 151 185 220 185 150 103 56 49 42 109 176 213 251 213 175 129 84 54 24 58 92 
118 236 158 80 136 193 179 166 86 6 92 179 162 145 157 169 107 45 75 105 127 149 186 224 184 145 142 140 95 49 72 95 
119 239 119 0 80 161 195 229 120 11 109 208 139 71 130 189 112 35 101 168 145 123 160 197 156 115 156 197 136 75 87 99 
116 232 123 14 56 98 116 135 111 87 100 113 125 136 173 210 126 42 119 196 148 100 112 124 114 105 131 158 148 139 95 52 
112 225 126 28 31 35 38 41 102 164 91 19 110 202 217 232 141 50 137 224 150 77 64 52 73 95 107 119 161 203 104 5 
84 168 135 103 70 38 47 56 71 87 101 116 114 113 131 150 110 70 126 183 164 146 124 103 92 80 71 62 94 127 116 105 
56 112 145 178 109 41 56 72 41 10 111 213 118 24 46 68 79 91 116 142 178 215 185 155 110 66 36 6 28 51 128 205 
29 58 132 207 139 72 99 127 86 45 132 220 168 117 88 60 76 92 142 192 191 191 135 80 56 33 63 93 76 59 143 227 
2 5 120 236 169 103 143 183 131 80 153 227 219 211 131 52 73 94 168 242 205 168 86 5 3 1 90 180 124 68 159 250 
53 106 173 240 202 164 148 133 129 125 163 202 187 172 120 68 70 73 150 227 188 149 113 78 81 84 116 148 119 90 142 194 
103 207 226 245 235 226 154 83 126 170 174 178 155 133 108 84 68 53 132 212 171 130 141 152 160 168 142 117 114 112 125 138 
114 229 201 173 167 161 126 91 112 134 144 154 136 119 95 71 92 114 115 117 134 151 121 91 115 138 111 84 105 126 117 108 
126 252 177 102 99 97 98 99 98 98 114 131 118 105 81 58 116 175 98 22 97 172 101 31 70 109 80 52 96 141 110 79 
105 211 181 152 118 85 103 121 90 60 109 158 136 113 131 150 160 171 129 87 135 183 109 36 47 58 66 74 121 168 127 86 
85 170 186 202 137 73 108 144 83 22 104 186 154 122 182 242 205 168 160 153 173 194 118 42 25 8 52 97 146 195 144 94 
53 106 108 111 90 70 130 191 101 12 76 141 106 70 135 200 205 210 175 141 147 153 128 104 96 89 120 152 143 135 105 76 
21 42 31 21 44 67 152 238 120 2 49 97 58 19 88 158 205 252 190 129 121 113 139 166 168 171 189 207 141 75 66 58 
71 143 136 129 86 44 142 240 140 39 44 48 63 79 130 182 174 166 121 76 101 127 143 159 146 134 171 208 164 121 122 124 
122 244 240 237 129 22 132 243 160 77 38 0 69 139 173 207 143 80 51 23 82 142 147 152 124 97 153 209 188 167 178 190 
95 190 165 140 82 24 74 125 135 146 73 0 83 166 176 185 164 143 114 84 115 147 124 102 128 155 182 209 159 109 150 192 
68 137 90 43 35 27 17 7 111 216 108 0 97 194 179 164 185 207 176 146 149 152 102 53 133 213 211 209 130 51 122 194 
56 112 68 24 29 35 22 10 111 213 151 89 120 151 131 111 128 145 152 158 136 115 132 149 133 117 139 162 95 29 64 99 
44 88 47 6 24 43 28 14 112 210 194 178 143 108 83 59 71 84 127 171 124 78 162 246 134 22 68 115 61 8 6 4 
63 127 87 48 78 109 113 116 159 202 168 135 117 99 105 112 117 123 150 177 125 74 137 200 130 60 67 75 91 107 77 47 
83 167 128 90 133 176 197 219 206 194 143 93 91 90 127 165 164 163 173 183 127 71 112 154 126 99 67 35 120 206 148 91 
54 108 107 106 110 115 162 210 200 191 173 156 156 156 139 123 124 125 108 91 82 73 112 151 138 125 75 26 76 127 141 155 
24 49 86 123 88 54 128 202 195 188 203 219 220 222 152 82 84 87 43 0 38 76 112 149 150 151 84 18 33 48 133 219 
52 104 145 185 124 62 138 214 199 185 193 202 196 190 124 58 69 81 103 126 83 40 93 146 129 112 65 19 39 60 96 132 
80 160 204 248 159 71 149 227 204 182 183 185 172 159 96 34 54 75 164 253 128 4 74 144 108 73 47 21 46 72 58 45 
40 80 102 124 79 35 74 113 102 91 91 92 86 79 48 17 27 37 82 126 64 2 37 72 54 36 23 10 23 36 29 22 
