189 143 138 75 126 85 62 113 138 104 188 105 104 91 241 128 236 75 9 82 217 92 3 108 198 141 221 125 58 83 189 87 
140 248 119 39 126 153 171 252 182 90 110 130 94 20 119 38 101 57 42 102 145 148 119 232 206 146 173 224 153 85 117 159 
125 147 54 96 189 173 220 242 248 150 32 92 124 80 177 82 76 89 0 101 115 133 93 194 248 176 104 163 248 105 35 92 
87 162 120 103 141 132 212 248 220 230 141 82 64 1 118 40 138 225 125 187 182 179 151 204 176 209 149 77 151 54 111 175 
64 100 161 134 140 166 248 172 156 211 222 124 49 80 254 154 211 163 89 145 247 160 131 122 45 126 207 170 225 126 180 109 
63 14 83 132 123 147 109 37 119 236 169 145 64 18 114 112 117 129 83 57 115 86 133 109 94 43 147 173 114 45 96 84 
176 56 25 79 73 98 7 26 49 90 76 123 45 56 73 110 18 112 57 110 73 105 207 185 179 121 168 94 16 41 77 84 
55 12 70 87 144 168 94 14 39 1 109 228 132 90 127 238 186 245 185 255 151 54 175 248 145 94 102 22 17 28 82 176 
34 71 158 173 250 190 187 131 93 100 132 176 165 108 107 168 245 177 186 220 225 128 191 141 61 118 124 95 3 40 48 58 
72 82 113 199 162 157 154 231 183 174 181 180 123 71 106 84 128 32 167 217 123 42 96 65 133 195 139 233 99 82 37 11 
173 120 16 91 42 93 42 180 235 166 239 186 76 138 164 125 152 114 236 131 9 69 86 152 213 112 4 142 78 42 8 56 
114 210 89 108 111 131 133 212 157 17 175 251 174 241 185 100 120 36 119 62 95 142 174 246 140 39 79 255 93 2 82 207 
76 98 22 131 163 151 147 136 167 117 196 176 131 152 235 195 194 151 144 147 167 135 222 145 63 62 21 135 39 68 114 138 
90 86 98 232 200 166 99 20 77 90 140 128 79 3 132 254 193 233 206 217 159 11 128 51 85 127 154 227 124 118 170 233 
201 85 54 172 240 164 63 87 33 73 147 88 57 38 37 120 92 198 230 172 244 155 228 133 100 149 241 156 114 138 217 138 
97 0 103 165 172 187 130 232 83 24 57 22 86 58 67 99 135 237 127 0 128 140 172 154 106 131 138 45 110 103 169 102 
189 111 193 154 99 101 39 126 44 89 37 98 207 99 76 131 115 120 43 73 128 126 169 145 40 126 137 143 178 146 254 105 
78 64 139 162 143 82 121 191 141 252 151 129 115 56 119 234 127 88 79 123 137 67 176 218 122 199 140 214 165 51 150 66 
59 99 140 153 229 166 173 152 77 180 188 149 71 76 111 136 71 61 62 106 232 145 251 129 34 92 13 114 218 187 230 116 
73 135 138 83 148 182 134 169 169 203 187 208 143 68 77 128 118 24 34 9 85 31 107 14 103 123 41 13 124 249 165 171 
99 128 197 146 99 86 12 166 228 157 150 193 225 82 4 108 251 142 42 64 68 63 134 122 242 136 18 22 17 74 11 64 
54 83 170 205 96 51 120 255 158 49 137 192 163 34 57 51 169 253 143 138 76 19 82 99 177 162 85 40 81 20 33 74 
37 122 198 123 32 81 164 163 101 118 160 151 204 104 140 120 121 141 140 126 81 60 79 107 205 183 123 112 247 134 29 34 
89 171 119 59 44 80 145 135 134 165 127 49 122 38 96 169 132 53 106 147 82 64 100 47 139 243 136 41 168 243 123 34 
151 113 50 38 6 134 202 179 138 118 135 154 199 104 37 127 187 131 86 100 38 114 213 116 64 144 140 112 144 204 188 96 
82 80 102 39 80 248 177 242 166 36 130 235 166 145 134 115 142 201 126 129 82 143 180 141 85 131 142 123 148 243 210 162 
99 118 239 125 29 85 19 175 248 154 116 164 86 140 242 140 65 98 89 109 18 129 224 105 5 139 176 133 83 181 247 150 
86 54 168 194 74 47 101 191 177 216 142 219 144 87 158 139 117 40 139 200 131 131 161 51 126 244 182 150 125 151 202 191 
193 143 187 107 27 75 147 141 54 133 19 123 187 116 167 195 226 167 227 178 175 150 238 140 204 169 158 132 116 153 220 165 
92 138 103 21 79 82 121 172 174 244 118 67 77 26 139 249 172 177 188 110 119 59 104 69 140 70 94 105 136 128 184 252 
38 118 69 119 188 118 84 126 228 157 144 112 30 72 116 149 39 160 240 178 135 115 52 110 219 119 46 129 196 157 136 97 
66 228 124 199 126 120 56 20 65 12 91 210 89 117 106 192 104 187 163 227 144 214 91 100 115 143 89 170 134 170 77 3 
