126 82 147 37 64 45 150 88 163 57 88 45 102 70 102 38 78 23 89 35 139 76 170 89 190 38 158 19 78 59 45 45 
216 164 113 74 36 90 145 176 208 114 20 90 160 141 123 77 31 46 61 70 79 153 227 179 131 76 21 38 55 118 182 91 
121 141 215 72 106 82 100 115 202 77 186 69 179 127 138 111 74 125 117 120 182 151 223 150 134 103 116 100 153 113 95 75 
212 119 26 69 113 75 37 54 72 40 9 49 89 113 137 146 156 205 254 170 86 150 214 121 28 130 232 163 95 107 120 60 
27 119 67 51 144 60 109 36 66 24 177 56 154 140 80 168 71 195 119 179 168 166 189 150 207 124 134 130 71 104 145 52 
234 120 7 32 58 45 33 18 4 7 11 64 117 167 218 190 163 186 209 188 167 182 197 179 162 119 77 96 116 102 88 44 
4 82 47 39 93 43 164 32 223 21 138 74 90 163 160 166 100 154 33 179 81 188 99 178 108 118 83 123 101 149 194 64 
10 44 78 46 14 40 67 46 26 35 44 85 127 159 192 143 94 122 150 170 191 194 198 177 157 117 78 150 223 196 169 84 
81 90 133 92 109 123 158 88 134 58 54 107 124 123 200 94 180 120 164 164 149 164 75 175 87 136 160 140 127 154 95 60 
173 136 99 139 180 206 233 130 28 81 134 130 126 88 50 45 40 119 199 159 119 133 148 173 199 154 110 130 151 112 73 36 
51 88 118 116 172 158 139 123 44 107 86 137 158 98 107 65 67 103 99 100 110 104 134 145 110 124 140 107 209 135 213 81 
4 40 76 93 110 111 112 116 120 134 148 144 141 109 77 86 96 86 77 41 6 75 144 116 89 95 101 83 66 158 251 125 
18 28 25 87 87 93 86 94 30 117 78 144 122 129 173 92 166 107 99 61 80 83 131 151 215 140 186 143 102 142 159 65 
7 17 28 81 134 76 18 72 127 100 73 144 216 150 84 98 113 129 145 81 17 92 168 187 206 186 167 204 241 126 12 6 
100 107 175 112 143 118 136 95 88 71 53 96 136 129 169 99 186 71 142 82 24 137 5 165 53 127 169 173 243 126 203 10 
207 197 188 143 99 161 223 119 15 42 70 48 27 108 189 100 11 14 18 83 149 182 215 144 74 68 62 142 222 125 29 14 
108 165 133 140 85 154 188 152 183 75 183 80 229 108 225 117 228 112 187 103 106 158 52 135 89 72 159 149 209 148 126 53 
49 133 218 137 57 148 239 185 132 109 86 112 138 108 78 134 190 210 231 124 17 134 251 125 0 76 153 156 159 171 183 91 
55 144 71 164 74 156 89 150 85 117 124 113 176 81 229 77 218 160 161 133 189 97 183 75 118 76 134 171 170 155 195 55 
148 156 164 192 220 165 110 114 119 125 131 115 100 55 11 20 30 110 191 142 93 61 30 25 20 75 131 187 244 140 37 18 
60 157 168 168 140 118 127 122 161 165 73 151 62 95 65 52 39 137 54 160 135 127 204 82 109 78 67 173 74 147 116 40 
160 159 158 144 130 72 14 130 247 206 166 187 208 135 63 84 106 163 221 179 138 194 250 139 29 81 134 159 185 154 124 62 
60 175 93 168 151 100 169 142 73 162 47 134 42 107 57 86 164 181 240 161 182 127 106 143 150 122 123 154 61 142 106 50 
157 192 228 192 157 129 102 155 208 118 28 82 137 79 22 87 153 200 247 143 39 60 82 146 211 164 117 148 180 129 79 39 
77 162 125 100 132 108 184 158 100 101 33 88 65 99 42 120 54 187 118 108 146 83 73 164 51 134 100 115 133 142 120 61 
249 131 14 9 4 87 171 162 154 85 16 94 173 120 67 153 239 174 109 73 37 106 175 182 189 105 22 81 141 154 168 84 
83 119 90 92 119 141 211 160 151 132 94 136 113 153 140 147 124 126 89 56 126 96 162 173 192 157 236 124 195 110 159 55 
114 108 102 175 249 195 141 159 177 179 182 178 175 186 198 141 84 78 73 39 6 86 166 165 165 210 255 168 81 66 52 26 
23 118 88 182 133 178 151 180 148 196 110 153 152 124 193 111 211 108 231 95 208 129 200 181 123 183 61 144 70 84 84 37 
23 128 233 190 147 162 178 202 227 212 198 127 57 61 66 82 98 137 177 150 124 172 221 197 173 156 139 121 104 101 99 49 
79 104 179 173 191 142 156 178 172 231 128 126 78 94 173 139 125 127 35 162 102 189 195 175 233 175 183 176 160 114 130 32 
38 80 122 156 190 123 56 155 254 251 248 125 2 128 254 196 138 116 95 174 254 206 159 154 150 195 240 232 224 127 31 15 
